moyenne: 5009
max number:     5351
25 61 79 313 33 287 57 363 237 21 450 81 58 201 488 267 490 461 162 232 102 189 12 26 51 96 288 82 178 362 60 325 346 266 163 86 417 5 15 45 236 209 360 338 238 84 421 32 206 445 281 425 478 309 18 253 249 30 181 112 466 110 307 264 153 122 394 183 99 144 416 367 36 169 111 439 37 480 327 120 224 16 188 290 73 285 115 175 127 458 137 277 216 95 469 326 64 243 129 222 251 20 92 308 192 354 391 368 199 193 168 306 494 27 340 453 80 245 373 456 293 449 196 258 400 219 482 113 359 207 438 98 428 282 370 291 85 377 364 345 132 223 410 390 398 335 323 160 28 49 343 432 273 255 239 366 41 447 119 448 412 298 252 283 385 148 2 170 475 254 339 470 42 473 151 320 38 248 200 14 103 40 257 66 452 492 24 108 379 389 214 76 89 459 235 121 217 210 278 265 423 378 407 337 69 6 268 271 35 434 261 185 280 420 386 355 3 383 331 231 270 195 374 138 392 227 191 430 408 376 172 262 156 234 176 356 226 302 22 67 427 486 344 454 388 324 72 315 314 474 44 48 10 220 397 13 23 296 321 332 147 83 165 125 498 305 52 118 46 8 140 330 31 240 55 43 441 133 230 303 88 213 145 435 180 347 409 123 295 380 47 487 179 403 311 100 116 208 101 114 284 357 372 250 351 157 70 77 11 78 446 19 244 491 211 350 205 90 297 382 56 375 141 117 402 242 29 177 495 464 161 146 71 393 419 358 396 322 63 437 318 361 484 274 294 289 443 476 139 9 50 468 436 68 426 190 256 316 471 17 329 328 143 404 94 422 53 489 142 442 105 155 229 334 399 134 433 212 186 348 342 319 241 198 424 276 477 97 164 381 460 65 493 215 496 152 413 300 444 4 406 336 246 225 34 197 150 228 333 481 299 131 418 218 349 483 194 269 7 465 405 272 233 451 204 365 167 485 221 462 135 292 341 173 39 467 174 353 159 371 109 310 75 104 126 59 429 62 93 369 384 275 128 87 317 166 500 301 479 1 279 247 106 411 130 136 455 187 387 352 259 497 431 107 158 91 472 182 203 457 263 124 260 415 74 202 395 401 184 171 440 304 149 414 286 312 54 154 499 463
moyenne: 535
max number:      574
56 25 20 46 69 36 27 4 64 7 74 8 22 68 33 40 50 88 78 26 96 2 51 77 93 31 89 24 44 60 73 23 92 37 6 34 76 17 21 43 54 85 35 66 70 55 67 10 32 91 13 5 19 12 49 95 16 99 87 86 52 62 39 11 9 47 30 100 71 90 15 80 29 14 57 79 48 61 97 38 3 28 94 82 18 42 1 63 59 98 81 45 72 41 58 83 84 75 53 65
moyenne: 534
max number:      582
77 49 91 34 44 84 4 55 92 100 32 93 99 26 94 24 88 85 58 28 25 67 33 46 20 68 62 13 2 64 22 96 42 80 57 23 39 98 6 18 56 10 27 70 78 90 1 40 65 12 51 82 3 43 72 87 9 36 48 35 53 79 54 89 47 38 11 81 97 31 37 59 5 66 29 16 61 15 45 71 83 8 19 50 74 95 14 21 75 73 86 52 69 63 30 60 41 76 7 17
moyenne: 535
max number:      620
40 98 94 26 84 29 15 66 70 49 12 54 46 90 25 3 55 11 57 36 86 33 44 7 34 22 21 56 72 4 39 81 92 88 83 17 76 5 58 10 9 6 32 71 23 8 87 16 91 1 100 35 48 14 50 79 96 78 42 2 62 85 24 95 75 74 59 38 13 63 18 19 65 68 99 51 53 73 27 80 82 30 45 60 28 89 31 67 64 37 20 97 61 52 43 47 69 93 41 77
moyenne: 540
max number:      587
44 34 82 51 52 48 1 23 62 84 73 2 54 28 57 14 40 46 79 75 98 67 30 12 78 86 95 70 26 16 7 91 31 61 24 80 53 87 81 5 41 83 49 85 60 37 64 33 15 65 35 89 36 22 74 4 59 90 66 18 93 17 94 38 97 20 39 50 96 68 99 76 9 29 10 45 43 3 92 47 100 6 25 72 27 77 63 71 88 19 55 32 13 56 69 42 11 8 21 58
moyenne: 535
max number:      578
22 16 58 64 73 57 79 66 14 45 51 48 87 2 94 36 61 43 4 80 6 30 71 84 99 34 31 53 72 59 17 9 1 40 35 95 7 65 83 93 25 21 92 24 13 62 56 39 3 90 67 76 46 19 70 75 60 74 98 97 42 15 10 85 50 52 96 86 32 33 89 20 28 23 77 47 8 81 63 11 37 54 38 100 41 18 78 26 82 49 69 91 68 88 12 5 44 29 55 27
moyenne: 534
max number:      585
29 100 47 88 52 71 13 42 46 58 96 5 9 54 25 38 85 17 49 97 28 50 69 11 44 81 64 59 86 72 41 3 79 60 4 70 99 19 65 83 93 77 33 35 40 57 82 18 61 37 36 21 27 68 56 67 14 20 15 53 98 80 63 73 6 39 32 84 75 92 45 55 22 76 34 10 91 89 1 43 51 78 23 90 62 12 74 30 87 8 7 24 26 94 16 2 66 48 95 31
moyenne: 540
max number:      597
54 46 51 47 33 16 59 52 95 56 75 37 53 78 32 4 60 86 28 79 17 90 67 87 40 39 62 96 45 20 3 35 2 92 10 27 8 57 73 84 81 70 22 14 21 68 94 85 1 100 93 80 98 89 61 48 97 63 99 82 29 25 64 30 6 7 50 36 26 49 19 15 77 58 13 71 38 42 66 43 55 88 31 12 41 23 72 83 18 24 91 9 34 11 74 44 76 5 65 69
moyenne: 538
max number:      591
50 20 21 94 57 16 81 89 33 7 36 99 30 62 51 95 11 60 78 74 76 22 63 88 83 40 84 23 1 48 26 2 38 97 87 10 59 69 55 43 49 72 91 24 86 41 32 68 64 70 96 93 35 73 66 17 3 100 75 37 31 54 12 98 27 29 65 85 58 13 92 39 47 61 71 14 42 25 18 4 52 9 45 82 53 5 8 56 15 44 28 6 67 77 79 90 80 34 19 46
moyenne: 531
max number:      579
66 29 60 91 36 55 35 43 52 89 79 38 87 67 82 85 57 53 4 37 30 42 39 2 70 49 96 86 28 33 48 22 95 45 24 11 12 7 81 58 34 98 19 88 71 92 47 94 1 54 13 41 18 6 27 3 68 62 14 83 26 65 40 10 16 64 25 78 59 31 75 56 15 90 5 46 61 21 84 17 97 72 8 44 93 23 73 80 69 50 99 63 76 51 9 20 77 100 74 32
moyenne: 540
max number:      593
47 8 4 15 60 44 38 51 48 99 30 72 58 64 93 10 98 35 61 45 74 92 67 55 83 14 42 40 73 78 76 56 54 90 31 33 68 6 88 95 59 96 37 66 13 27 17 75 77 62 18 16 82 36 41 43 1 100 5 20 21 28 69 39 22 9 19 26 53 94 34 84 50 85 63 2 49 70 25 86 23 57 81 91 29 12 80 11 32 7 52 87 46 71 97 89 65 3 79 24
moyenne: 536
max number:      574
34 58 45 63 35 86 53 95 19 56 18 48 24 57 83 79 88 92 55 3 43 62 9 17 41 47 39 61 31 85 81 37 51 89 82 28 27 78 33 54 25 15 69 84 77 90 20 76 23 75 30 94 29 71 12 66 13 97 40 49 5 1 7 91 64 93 72 4 32 60 50 22 59 74 67 11 6 26 68 100 80 52 96 42 44 36 10 87 21 38 16 73 46 65 2 14 70 98 8 99
moyenne: 537
max number:      568
42 7 18 60 98 99 22 75 65 27 64 90 37 58 79 95 28 55 67 48 96 34 32 97 39 93 11 50 26 85 53 78 76 54 70 12 68 38 17 4 45 30 10 47 80 57 23 3 20 61 51 82 35 40 6 19 29 25 8 59 69 15 5 91 100 92 46 63 84 52 31 36 89 77 9 94 49 2 56 71 86 13 21 33 74 14 81 44 72 88 62 16 87 73 41 1 83 24 43 66
moyenne: 536
max number:      589
49 80 43 23 77 71 45 44 52 55 64 96 63 61 70 42 29 22 54 60 11 92 76 24 31 13 6 91 25 51 68 72 81 32 56 69 95 74 9 85 100 19 28 7 41 99 90 38 8 78 93 4 33 46 62 79 83 27 48 57 12 39 1 53 21 84 40 88 66 73 94 34 15 30 58 98 26 86 50 17 18 20 97 87 89 5 65 16 67 14 36 2 82 35 37 3 75 59 47 10
moyenne: 540
max number:      583
95 29 48 93 50 57 98 22 37 33 38 49 91 26 11 84 77 43 92 13 60 71 32 8 36 61 55 83 82 58 78 80 52 28 97 16 6 7 47 25 74 79 45 53 56 46 30 99 100 94 9 72 12 1 18 88 89 59 31 85 70 96 15 10 39 40 4 90 69 66 51 27 86 76 17 2 5 81 35 21 54 73 67 14 63 68 65 41 44 3 19 20 62 42 23 24 87 64 75 34
moyenne: 538
max number:      585
98 90 54 11 77 3 64 79 48 46 34 41 70 92 81 7 38 44 49 1 67 75 50 65 20 25 5 47 76 33 6 21 19 78 69 80 4 60 23 35 55 97 68 99 53 71 58 83 73 57 87 74 86 96 84 42 32 93 72 85 10 43 9 17 61 18 91 63 14 88 89 24 27 22 40 62 26 28 94 2 51 31 37 8 12 45 95 66 36 29 59 30 16 52 100 13 15 82 56 39
moyenne: 539
max number:      614
87 29 37 21 99 41 48 44 31 59 53 52 84 91 18 42 66 93 49 92 50 75 7 73 82 25 72 23 24 30 40 58 71 67 98 76 88 78 1 100 54 86 39 38 81 28 70 45 68 74 10 36 94 8 90 95 9 19 51 35 27 96 64 77 89 97 80 46 22 4 47 6 62 17 32 15 56 79 12 57 34 85 20 43 69 3 11 2 61 63 16 26 65 33 14 13 55 5 83 60
moyenne: 539
max number:      606
41 38 96 35 92 63 20 61 93 84 86 30 85 27 28 5 50 70 39 76 47 58 91 64 4 71 99 29 97 89 78 25 6 55 75 31 88 8 17 53 22 45 90 65 60 57 37 46 36 11 42 26 16 95 13 40 23 83 48 68 66 98 32 73 87 43 72 33 94 80 77 2 9 56 81 79 52 44 14 69 18 3 82 7 51 24 10 54 1 59 67 19 34 100 12 62 21 74 15 49
moyenne: 535
max number:      576
29 4 37 96 55 45 38 1 41 25 70 52 95 49 32 90 13 54 86 64 87 74 78 88 34 71 15 26 82 8 75 100 63 80 56 42 33 84 27 97 14 10 93 91 81 77 7 61 73 51 21 60 67 35 39 16 72 48 50 22 11 65 79 89 59 76 99 47 31 69 3 85 28 57 92 40 2 19 18 9 98 94 12 83 23 6 24 68 43 46 53 30 66 36 62 58 44 20 5 17
moyenne: 540
max number:      577
79 37 49 53 60 42 32 99 81 54 14 65 38 80 68 16 4 34 44 5 72 1 52 36 21 30 19 28 67 91 51 62 7 58 12 73 50 76 83 89 93 48 8 17 11 31 29 24 86 3 95 82 22 57 94 69 63 88 2 46 64 13 55 6 78 87 92 9 47 18 41 43 96 75 27 61 70 45 77 25 74 66 33 85 97 100 59 26 56 35 23 20 40 90 71 84 39 98 15 10
