Max number of moves: 2
1 3 2
Max number of moves: 11
5 4 3 2 1
Max number of moves: 607
46 6 63 69 56 4 35 7 98 51 74 33 12 67 83 31 23 85 13 92 96 79 84 66 100 2 95 90 42 77 86 43 30 14 64 93 26 3 99 24 29 81 57 20 75 32 70 34 60 48 68 19 11 89 25 61 38 21 50 88 76 94 28 36 59 5 45 87 27 18 8 65 10 41 97 47 9 37 55 17 82 73 39 1 15 91 62 22 49 80 44 52 53 16 78 58 72 54 71 40
Max number of moves: 5405
301 440 170 483 500 227 371 479 151 122 407 390 54 107 232 152 228 453 129 136 1 414 374 382 212 210 423 146 28 203 74 254 161 104 125 66 330 401 284 126 199 295 97 127 128 217 24 385 448 68 317 96 5 12 112 376 132 196 168 277 326 186 478 134 411 462 429 197 471 435 221 241 174 15 469 343 204 353 222 233 40 153 345 157 158 124 191 349 114 384 439 488 294 477 213 419 272 45 493 202 83 459 362 348 240 10 309 430 260 428 234 137 87 76 373 73 29 256 278 337 397 491 70 164 261 466 235 367 438 473 223 266 402 138 85 377 131 11 135 27 101 140 485 314 201 458 283 22 9 230 490 336 446 318 144 457 208 41 39 332 302 476 363 447 102 388 257 99 183 63 461 306 442 312 150 21 350 269 245 486 280 319 139 130 494 252 37 346 247 93 231 434 489 416 121 206 329 190 47 198 268 281 194 410 171 246 69 472 412 364 180 249 67 323 46 48 64 262 195 238 271 480 109 16 468 243 123 310 61 25 179 113 372 406 321 193 185 307 394 177 282 456 141 53 426 100 380 454 482 347 118 339 299 111 270 248 17 106 259 393 80 90 391 398 392 94 358 405 98 413 316 75 263 35 379 42 60 287 173 224 175 433 305 265 455 445 181 375 313 244 214 303 342 365 273 422 117 56 484 396 276 425 8 26 424 207 297 105 239 229 293 290 322 352 162 88 360 145 78 351 167 154 499 298 470 408 65 169 91 431 13 178 23 481 328 463 187 427 369 79 340 200 487 335 160 165 286 182 386 361 189 147 492 4 420 475 279 86 218 417 325 451 71 215 3 220 172 176 50 289 103 497 34 409 55 6 255 258 155 395 381 355 327 389 236 211 460 253 291 465 418 370 77 43 92 275 32 20 421 120 304 205 2 51 57 341 163 498 356 58 311 188 219 315 36 464 296 366 95 242 62 49 251 59 14 142 119 404 184 274 333 19 250 7 357 30 116 52 225 378 143 226 264 449 450 496 467 443 82 308 159 400 320 288 133 354 338 81 415 444 148 110 452 209 403 334 344 84 300 89 436 18 72 115 237 441 108 324 166 285 31 399 33 192 474 432 495 38 156 216 359 292 387 383 149 44 368 437 331 267
Max number of moves: 5384
272 419 427 162 460 358 360 198 271 117 401 264 64 255 220 303 24 250 197 433 1 49 222 462 28 279 20 338 257 29 324 69 9 123 246 258 138 26 410 350 95 237 60 439 269 452 359 79 133 486 349 187 161 80 86 145 157 333 228 443 332 416 424 265 390 84 217 127 173 22 131 328 105 431 402 481 285 295 391 378 372 276 43 209 111 151 48 23 296 136 218 329 384 297 495 139 299 103 356 202 33 347 191 491 337 438 293 154 425 53 379 466 345 214 331 16 94 169 37 35 247 474 200 351 496 252 54 34 19 435 226 126 484 499 482 423 215 322 189 74 165 370 147 407 38 457 192 91 181 367 13 65 413 153 241 99 17 179 308 267 180 67 115 292 340 470 6 62 137 144 152 263 109 177 315 282 306 125 467 230 380 129 344 291 235 304 89 163 428 471 186 196 10 376 130 497 185 82 398 104 93 175 168 405 352 411 477 75 454 469 326 159 275 472 227 76 330 313 178 90 289 207 59 298 290 373 239 73 164 288 404 166 47 141 30 210 268 27 182 475 140 396 41 14 473 25 353 92 440 142 167 249 204 318 368 280 121 341 158 3 205 476 251 68 312 388 253 206 50 283 112 453 183 248 426 231 399 456 414 77 321 311 57 489 458 377 274 72 102 319 412 488 245 483 234 365 194 45 260 63 225 51 406 492 300 114 451 270 12 442 108 98 342 371 278 434 21 468 110 176 418 259 243 464 213 240 256 493 364 211 56 317 44 88 382 238 314 441 195 143 174 307 461 277 494 11 266 420 254 348 389 46 346 212 490 150 417 85 199 4 281 448 387 294 301 87 31 287 479 188 459 236 32 327 449 429 58 445 170 393 357 149 455 302 403 201 42 362 124 128 156 432 171 446 36 232 219 374 40 361 160 221 478 244 81 203 242 262 320 437 343 375 233 52 148 15 135 101 190 78 113 7 480 397 369 286 18 116 366 184 400 216 334 155 146 224 409 450 363 106 284 119 96 55 339 354 385 316 97 8 5 208 132 336 392 118 323 383 422 415 261 229 485 408 498 325 394 309 381 355 83 120 487 66 122 70 447 273 310 335 463 395 134 465 107 430 71 436 444 172 2 305 500 193 386 61 223 421 100 39
Max number of moves: 595
15 66 10 48 90 7 44 89 52 2 100 78 39 62 14 53 69 86 11 91 37 9 46 83 24 13 40 63 45 58 75 5 87 51 42 97 84 55 49 43 19 73 70 20 6 64 79 17 1 22 68 88 93 67 77 32 16 34 56 35 65 3 33 94 8 98 27 59 41 57 36 50 29 30 18 72 99 4 12 28 21 60 38 54 76 96 85 81 80 92 74 82 26 95 25 61 23 31 71 47
Max number of moves: 5330
231 481 296 149 404 38 305 157 436 188 394 23 207 347 74 433 130 497 333 87 301 359 429 408 418 14 45 419 98 453 63 35 283 452 12 326 492 203 136 114 39 252 167 112 443 155 103 381 412 46 152 173 424 280 400 197 51 226 237 415 390 55 177 411 262 376 134 111 234 2 369 81 158 214 291 426 104 477 21 455 119 295 269 401 388 170 361 113 469 374 406 180 93 438 442 106 468 243 449 176 56 138 233 277 253 166 159 265 164 59 80 211 259 57 463 299 44 437 225 307 192 174 22 163 345 26 247 321 279 191 79 451 465 105 224 94 395 338 144 90 284 309 17 85 208 20 475 220 238 304 294 150 384 409 318 227 357 495 122 107 189 485 312 462 344 350 118 403 428 165 95 32 293 500 147 287 490 332 70 240 13 334 461 410 379 314 5 407 459 145 255 392 210 198 383 48 450 260 288 213 349 496 474 432 58 386 300 342 101 75 348 212 162 239 322 398 405 317 378 310 151 235 276 218 272 89 319 297 325 364 182 153 470 352 168 267 482 61 16 109 88 120 498 493 254 77 4 121 83 486 346 194 232 491 343 161 365 382 268 160 423 275 273 201 454 195 439 355 368 43 169 171 73 131 274 142 18 133 52 204 249 257 385 241 414 389 458 306 66 37 110 391 456 97 473 402 358 3 146 172 261 336 179 298 494 339 335 154 84 323 447 487 72 76 49 185 184 148 228 363 102 117 413 396 471 129 340 229 209 258 308 367 215 444 40 217 236 435 27 78 313 483 65 206 7 320 183 123 371 11 41 135 416 431 480 156 251 28 15 271 6 91 337 178 67 387 446 328 128 132 205 421 42 99 281 397 489 140 8 245 440 356 137 230 499 242 24 143 375 115 441 250 266 341 479 289 64 175 34 223 430 244 196 263 329 92 372 434 141 476 292 380 427 264 68 303 202 108 311 478 302 467 464 351 47 100 54 366 116 327 353 139 399 417 126 246 360 466 278 10 71 316 199 60 36 190 354 488 286 1 256 393 62 219 324 50 484 29 25 187 216 422 445 222 448 460 425 315 200 248 19 221 373 331 420 285 186 31 127 362 270 181 457 96 30 82 330 53 472 33 193 290 86 69 282 9 125 377 370 124
Max number of moves: 5349
48 261 432 310 159 484 458 180 112 142 183 365 258 54 108 352 452 173 114 1 55 251 75 123 57 129 413 23 444 480 83 7 89 191 221 76 229 38 469 160 137 363 34 276 489 305 278 236 153 366 12 297 139 69 216 325 211 330 166 103 434 373 462 3 301 372 240 85 340 200 447 122 495 283 127 8 179 486 185 379 154 190 96 483 63 279 428 439 107 109 313 471 234 320 304 476 42 161 203 341 102 326 318 360 58 243 381 400 479 467 239 99 375 370 474 382 488 14 116 132 182 397 151 420 314 337 286 498 94 105 451 247 361 18 170 378 121 171 362 186 343 425 422 98 460 358 17 117 424 482 65 43 472 10 441 181 430 26 376 212 187 135 399 32 95 252 464 294 336 37 316 401 465 91 56 423 133 377 275 147 67 71 13 419 383 342 409 296 73 481 389 219 332 174 414 457 292 408 438 225 228 189 491 264 311 475 328 492 217 274 25 339 347 346 218 406 70 208 84 40 392 411 158 353 309 429 100 485 167 285 453 125 245 78 49 175 499 268 371 145 110 44 344 354 254 386 92 124 51 421 134 250 396 497 436 197 402 205 324 416 369 169 118 86 93 333 295 199 141 144 437 303 367 272 319 52 149 493 165 418 213 39 126 348 445 61 455 80 368 176 53 440 5 273 148 120 104 461 262 374 155 136 487 28 473 255 415 195 210 72 478 35 6 290 242 259 390 168 427 111 263 241 74 198 249 384 22 317 97 33 81 237 128 277 209 244 50 68 227 349 407 308 20 178 395 143 405 150 64 388 500 230 162 215 448 62 496 29 403 456 246 248 289 222 435 321 322 232 282 192 490 355 21 410 177 46 449 113 204 351 220 394 31 207 398 287 4 82 36 393 152 188 30 385 302 156 431 260 194 257 329 41 293 19 446 47 357 201 380 359 146 280 312 79 470 157 202 391 315 466 327 9 468 442 11 16 59 269 299 24 412 459 281 417 454 335 27 66 101 404 443 206 87 131 331 288 88 164 494 323 90 426 270 387 265 300 256 364 223 238 184 271 477 119 450 345 140 226 15 106 231 306 172 138 356 253 45 334 266 284 298 130 350 2 307 77 463 233 163 196 60 193 433 235 115 291 214 224 338 267
